from,to,distance
1,2,25
1,3,43
1,4,57
1,5,43
1,6,61
1,7,29
1,8,41
1,9,48
1,10,71
2,1,50
2,3,29
2,4,34
2,5,43
2,6,68
2,7,49
2,8,66
2,9,48
2,10,91
3,1,10
3,2,90
3,4,52
3,5,72
3,6,96
3,7,72
3,8,81
3,9,89
3,10,114
4,1,34
4,2,43
4,3,25
4,5,45
4,6,33
4,7,71
4,8,95
4,9,99
4,10,108
5,1,75
5,2,80
5,3,27
5,4,55
5,6,27
5,7,36
5,8,65
5,9,81
5,10,19
6,1,16
6,2,86
6,3,69
6,4,17
6,5,78
6,7,40
6,8,66
6,9,62
6,10,46
7,1,92
7,2,22
7,3,41
7,4,17
7,5,63
7,6,4
7,8,20
7,9,31
7,10,43
8,1,143
8,2,33
8,3,18
8,4,59
8,5,56
8,6,39
8,7,71
8,9,14
8,10,46
9,1,87
9,2,36
9,3,9
9,4,74
9,5,61
9,6,58
9,7,54
9,8,49
9,10,36
10,1,62
10,2,82
10,3,53
10,4,54
10,5,48
10,6,122
10,7,68
10,8,98
10,9,77